6 6
7 24.844708 35.847951 58.264638 65.137105 76.841932 79.273871 100.582821 
7 30.199785 37.992798 60.007293 61.731863 94.835925 95.727493 108.220217 
7 89.533164 102.463326 110.206032 111.888095 112.764657 114.126260 117.200728 
7 69.928232 74.281976 84.333770 85.763985 91.422363 92.792347 98.878433 
7 2.378163 15.308025 32.335957 33.622770 37.027298 80.391523 103.926658 
7 6.572479 22.910593 45.554780 82.537935 96.878127 115.807287 118.413550 
6 65.064901 76.153828 79.853657 87.195796 97.563515 103.424108 
6 89.128671 101.653784 107.833758 111.962066 114.736452 118.555705 
6 81.261530 84.694544 93.458753 102.647919 111.009681 119.341820 
6 96.289823 104.635785 109.004088 113.095938 113.827939 116.963164 
6 52.730436 84.027570 89.911022 94.234411 99.211997 110.252058 
6 91.163127 95.422927 105.582501 106.874794 115.861876 117.760138 
5 67.531804 74.277163 100.262690 104.592602 115.563096 
5 64.155535 79.224085 92.740712 95.147805 111.192594 
5 69.693134 76.987235 86.184451 109.072631 117.823080 
5 53.665306 58.715691 71.835315 81.733312 113.448463 
5 48.505638 51.520460 90.444725 97.975778 106.833835 
5 56.121556 61.166253 83.864843 88.309697 102.437566 
4 16.180763 44.020345 99.877532 116.059015 
4 31.161904 65.110902 95.595609 112.095019 
4 39.506783 86.772251 91.058217 104.087331 
4 27.192405 48.059765 61.037041 108.126633 
4 35.397943 56.895542 77.450038 82.499433 
4 21.364476 52.619266 69.266045 73.274826 
3 46.766568 52.800120 95.879424 
3 33.977838 71.287694 77.280035 
3 15.732881 83.625017 101.945783 
3 9.523135 21.732187 113.989325 
3 65.067446 89.680838 107.938213 
3 27.848047 40.707529 58.910324 
2 68.776353 94.565404 
2 16.252458 86.079438 
2 33.985705 42.678476 
2 51.636428 103.103823 
2 77.368309 111.559395 
2 25.241174 60.234630 
